original_vector <- c(2.000, 3.000, 4.000, 5.000, 6.000, 7.000, 8.000, 
                     3.000, -4.200, -50.000, 3.000, -4.200, -50.000, 
                     3.000, -4.200, -50.000, 3.167)

middle_positions <- 9:11

original_vector[middle_positions] <- c(-0.5, -200, -0.5)

original_vector